Column Headers:
0, 1, 2, 3, 4, 5, 6, 7, 8, 9, 10, 11, 12, 13, 14, 15, 16, 17, 18

Data Preview:
    0    1    2    3    4    5    6    7    8    9    10   11   12   13   14   15   16   17   18
0  367  156  310  156  384  163  420  200  420  273  310  200  384  200  384  163  367  156  508
1  473   85  531  226  494  163  494   52  531  163  604  200  568  236  568  163  508   85  402
2  402  -19  531   85  457  -20  420 -241  347  -57  457   89  457  126  457  -57  332   15  226
3  332   50  457  191  384  -20  273 -388  310 -241  494  163  494  163  420 -131  473   50   15
4  437  121  568  261  494   52  384 -315  384  -57  494  126  568  200  568  -20  402  -19   85

Data Information:
<class 'pandas.core.frame.DataFrame'>
RangeIndex: 12500 entries, 0 to 12499
Data columns (total 19 columns):
 #   Column  Non-Null Count  Dtype
---  ------  --------------  -----
 0   0       12500 non-null  int16
 1   1       12500 non-null  int16
 2   2       12500 non-null  int16
 3   3       12500 non-null  int16
 4   4       12500 non-null  int16
 5   5       12500 non-null  int16
 6   6       12500 non-null  int16
 7   7       12500 non-null  int16
 8   8       12500 non-null  int16
 9   9       12500 non-null  int16
 10  10      12500 non-null  int16
 11  11      12500 non-null  int16
 12  12      12500 non-null  int16
 13  13      12500 non-null  int16
 14  14      12500 non-null  int16
 15  15      12500 non-null  int16
 16  16      12500 non-null  int16
 17  17      12500 non-null  int16
 18  18      12500 non-null  int16
dtypes: int16(19)
memory usage: 464.0 KB


Data Description:
                 0             1             2             3            4             5             6             7             8             9             10            11            12            13            14            15            16            17            18
count  12500.000000  12500.000000  12500.000000  12500.000000  12500.00000  12500.000000  12500.000000  12500.000000  12500.000000  12500.000000  12500.000000  12500.000000  12500.000000  12500.000000  12500.000000  12500.000000  12500.000000  12500.000000  12500.000000
mean     137.783600    136.686720    145.045200    138.570240    145.50232    145.108960    145.674720    144.911200    145.673280    145.214960    145.635440    145.442880    145.976000    145.270160    146.161840    145.341200    139.513040    139.304720    139.776320
std      263.878215    220.041846    194.573707    159.503847    197.02376    139.988636    195.794946    142.488204    157.651896    132.659393    198.549914    168.580264    177.295307    107.104194    194.897135    106.731439    198.187615    125.241596    161.582186
min    -1674.000000  -1885.000000  -1308.000000   -547.000000  -1235.00000   -388.000000  -1235.000000   -572.000000  -1235.000000   -609.000000  -2155.000000  -1271.000000  -1271.000000   -719.000000  -1308.000000   -572.000000  -1427.000000   -407.000000  -1216.000000
25%      -19.000000     50.000000     16.000000     50.000000     16.00000     52.000000     16.000000     52.000000     52.000000     52.000000     16.000000     89.000000     16.000000     89.000000     16.000000     89.000000     15.000000     50.000000     50.000000
50%      121.000000    121.000000    163.000000    121.000000    163.00000    126.000000    144.500000    163.000000    163.000000    126.000000    126.000000    163.000000    163.000000    163.000000    163.000000    163.000000    156.000000    121.000000    156.000000
75%      297.000000    226.000000    273.000000    226.000000    273.00000    236.000000    273.000000    236.000000    236.000000    236.000000    273.000000    236.000000    273.000000    200.000000    273.000000    200.000000    261.000000    226.000000    226.000000
max     3113.000000   2268.000000   3401.000000    860.000000   2996.00000    715.000000   3254.000000    825.000000   2665.000000    936.000000   3144.000000   2040.000000   2960.000000    752.000000   2996.000000    604.000000   3042.000000    754.000000   2690.000000

Missing Values:
0     0
1     0
2     0
3     0
4     0
5     0
6     0
7     0
8     0
9     0
10    0
11    0
12    0
13    0
14    0
15    0
16    0
17    0
18    0

Unique Values:
0     105
1     100
2      73
3      40
4      74
5      31
6      67
7      38
8      61
9      39
10     80
11     84
12     71
13     33
14     70
15     33
16     74
17     34
18     69

