Column Headers:
0, 1, 2, 3, 4, 5, 6, 7, 8, 9, 10, 11, 12, 13, 14, 15, 16, 17, 18 # labelled as this in the dataset
Fp1, Fp2, F3, F4, C3, C4, P3, P4, O1, O2, F7, F8, T7, T8, P7, P8, Fz, Cz, Pz # what the label actually mean


Data Preview:
    0    1    2    3    4    5    6    7    8     9    10   11   12   13   14   15   16   17   18
0   85 -407  200  191  420  457  310  310   16  1009  531  126  457  200  457  384  -90  473  121
1 -266  -55  -20  367  163  384  -20  310  494  1193  494  236  236  310  200  457 -195  543   15
2  -90  -19  126  437  420  568  347  457 -131  1156  384  384  494  384  494  531  -19  613  261
3  -90 -160  163  473  384  494  310  384  457  1340  494  420  310  420  273  531  -90  437  -19
4 -301 -336  -20  473  200  531   89  420  200  1156  310  494  273  457  236  568 -160  578  121

Data Information:
<class 'pandas.core.frame.DataFrame'>
RangeIndex: 12258 entries, 0 to 12257
Data columns (total 19 columns):
 #   Column  Non-Null Count  Dtype
---  ------  --------------  -----
 0   0       12258 non-null  int16
 1   1       12258 non-null  int16
 2   2       12258 non-null  int16
 3   3       12258 non-null  int16
 4   4       12258 non-null  int16
 5   5       12258 non-null  int16
 6   6       12258 non-null  int16
 7   7       12258 non-null  int16
 8   8       12258 non-null  int16
 9   9       12258 non-null  int16
 10  10      12258 non-null  int16
 11  11      12258 non-null  int16
 12  12      12258 non-null  int16
 13  13      12258 non-null  int16
 14  14      12258 non-null  int16
 15  15      12258 non-null  int16
 16  16      12258 non-null  int16
 17  17      12258 non-null  int16
 18  18      12258 non-null  int16
dtypes: int16(19)
memory usage: 455.0 KB


Data Description:
                 0             1             2             3             4             5             6             7             8             9             10            11            12            13            14            15            16            17            18
count  12258.000000  12258.000000  12258.000000  12258.000000  12258.000000  12258.000000  12258.000000  12258.000000  12258.000000  12258.000000  12258.000000  12258.000000  12258.000000  12258.000000  12258.000000  12258.000000  12258.000000  12258.000000  12258.000000
mean     140.703377    143.592429    148.368902    142.220346    148.598711    148.604666    148.605564    148.401697    148.659488    155.028145    148.467613    148.698891    148.665851    148.689835    148.321015    149.330968    141.963942    142.645864    142.386523
std      406.245216    278.553994    311.195205    231.255983    182.955381    163.578897    195.899262    214.960414    269.520053    562.261741    166.977800    108.628261    145.869417    162.385593    185.066248    111.396126    455.738872    164.177427    168.898866
min    -3117.000000  -2096.000000  -2817.000000  -1815.000000   -572.000000   -535.000000   -867.000000  -2817.000000   -609.000000  -3921.000000  -2854.000000   -315.000000  -1087.000000   -646.000000  -1051.000000   -315.000000  -3751.000000   -547.000000   -829.000000
25%      -19.000000    -19.000000     16.000000     50.000000     16.000000     52.000000     16.000000     52.000000    -94.000000     52.000000     52.000000     89.000000     52.000000     52.000000     16.000000     89.000000     50.000000     50.000000     15.000000
50%      156.000000    156.000000    126.000000    156.000000    163.000000    163.000000    163.000000    163.000000    163.000000    163.000000    163.000000    163.000000    163.000000    163.000000    163.000000    163.000000    121.000000    156.000000    156.000000
75%      297.000000    297.000000    273.000000    226.000000    273.000000    273.000000    273.000000    236.000000    384.000000    273.000000    236.000000    200.000000    236.000000    236.000000    273.000000    236.000000    226.000000    261.000000    261.000000
max     4063.000000   2303.000000   3806.000000   2725.000000    862.000000    788.000000    788.000000   1635.000000    899.000000   4211.000000   1230.000000    678.000000    678.000000   1230.000000    825.000000    715.000000   4063.000000    789.000000    825.000000

Missing Values:
0     0
1     0
2     0
3     0
4     0
5     0
6     0
8     0
9     0
10    0
11    0
12    0
13    0
14    0
15    0
16    0
17    0
18    0

Unique Values:
0     162
1      94
2     138
3     107
4      38
5      35
6      43
7      91
8      42
9     198
10     63
11     28
12     40
13     52
14     51
15     29
16    184
17     39
18     43

